Tama침o de instancia	Mejor parseo	Medio parseo	Peor parseo	Mejor serializaci칩n	Medio serializaci칩n	Peor serializaci칩n
100	0	0	0	0	0	0
400	0	0	0	0	0	0
900	0	0	0	0	0	0
1600	0	0	0	0	0	0
2500	0	0	0	0	0	0
3600	0	0	0	0	0	0
4900	0	0	0	0	0	0
6400	0	0	0	0	0	0
8100	0	0	0	0	0	0
10000	0	0	0	0	0	0
12100	0	0	0	0	0	0
14400	0	0	0	0	0	0
16900	0	0	0	0	0	0
19600	0	0	0	0	0	0
22500	0	0	0	0	0	0
25600	0	0	0	0	0	0
28900	0	0	0	0	0	0
32400	0	0	0	0	0	0
36100	0	0	0	0	0	0
40000	0	0	0	0	0	0
44100	0	0	0	0	0	0
48400	0	0	0	0	0	0
52900	0	0	0	0	0	0
57600	0	0	0	0	0	0
62500	0	0	0	0	0	0
67600	0	0	0	0	0	0
72900	0	0	0	0	0	0
78400	0	0	0	0	0	0
84100	0	0	0	0	0	0
90000	0	0	0	0	0	0
96100	0	0	0	0	0	0
102400	0	0	0	0	0	0
108900	0	0	0	0	0	0
115600	0	0	0	0	0	0
122500	0	0	0	0	0	0
129600	0	0	0	0	0	0
136900	0	0	0	0	0	0
144400	0	0	0	0	0	0
152100	0	0	0	0	0	0
160000	0	0	0	0	0	0
168100	0	0	0	0	0	0
176400	0	0	0	0	0	0
184900	0	0	0	0	0	0
193600	0	0	0	0	0	0
202500	0	0	0	0	0	0
211600	0	0	0	0	0	0
220900	0	0	0	0	0	0
230400	0	0	0	0	0	0
240100	0	0	0	0	0	0
250000	0	0	0	0	0	0
260100	0	0	0	0	0	0
270400	0	0	0	0	0	0
280900	0	0	0	0	0	0
291600	0	0	0	0	0	0
302500	0	0	0	0	0	0
313600	0	0	0	0	0	0
324900	0	0	0	0	0	0
336400	0	0	0	0	0	0
348100	0	0	0	0	0	0
360000	0	0	0	0	0	0
372100	0	0	0	0	0	0
384400	0	0	0	0	0	0
396900	0	0	0	0	0	0
409600	0	0	0	0	0	0
422500	0	0	0	0	0	0
435600	0	0	0	0	0	0
448900	0	0	0	0	0	0
462400	0	0	0	0	0	0
476100	0	0	0	0	0	0
490000	0	0	0	0	0	0
504100	0	0	0	0	0	0
518400	0	0	0	0	0	0
532900	0	0	0	0	0	0
547600	0	0	0	0	0	0
562500	0	0	0	0	0	0
577600	0	0	0	0	0	0
592900	0	0	0	0	0	0
608400	0	0	0	0	0	0
624100	0	0	0	0	0	0
640000	0	0	0	0	0	0
656100	0	0	0	0	0	0
672400	0	0	0	0	0	0
688900	0	0	0	0	0	0
705600	0	0	0	0	0	0
722500	0	0	0	0	0	0
739600	0	0	0	0	0	0
756900	0	0	0	0	0	0
774400	0	0	0	0	0	0
792100	0	0	0	0	0	0
810000	0	0	0	0	0	0
828100	0	0	0	0	0	0
846400	0	0	0	0	0	0
864900	0	0	0	0	0	0
883600	0	0	0	0	0	0
902500	0	0	0	0	0	0
921600	0	0	0	0	0	0
940900	0	0	0	0	0	0
960400	0	0	0	0	0	0
980100	0	0	0	0	0	0
1000000	0	0	0	0	0	0
1020100	0	0	0	0	0	0
1040400	0	0	0	0	0	0
1060900	0	0	0	0	0	0
1081600	0	0	0	0	0	0
1102500	0	0	0	0	0	0
1123600	0	0	0	0	0	0
1144900	0	0	0	0	0	0
1166400	0	0	0	0	0	0
1188100	0	0	0	0	0	0
1210000	0	0	0	0	0	0
1232100	0	0	0	0	0	0
0	0	0	0	0	0	0
0	0	0	0	0	0	0
0	0	0	0	0	0	0
0	0	0	0	0	0	0
0	0	0	0	0	0	0
0	0	0	0	0	0	0
0	0	0	0	0	0	0
0	0	0	0	0	0	0
0	0	0	0	0	0	0
0	0	0	0	0	0	0
0	0	0	0	0	0	0
0	0	0	0	0	0	0
0	0	0	0	0	0	0
0	0	0	0	0	0	0
0	0	0	0	0	0	0
0	0	0	0	0	0	0
0	0	0	0	0	0	0
0	0	0	0	0	0	0
0	0	0	0	0	0	0
0	0	0	0	0	0	0
0	0	0	0	0	0	0
0	0	0	0	0	0	0
0	0	0	0	0	0	0
0	0	0	0	0	0	0
0	0	0	0	0	0	0
0	0	0	0	0	0	0
0	0	0	0	0	0	0
0	0	0	0	0	0	0
0	0	0	0	0	0	0
0	0	0	0	0	0	0
0	0	0	0	0	0	0
0	0	0	0	0	0	0
0	0	0	0	0	0	0
0	0	0	0	0	0	0
0	0	0	0	0	0	0
0	0	0	0	0	0	0
0	0	0	0	0	0	0
0	0	0	0	0	0	0
0	0	0	0	0	0	0
0	0	0	0	0	0	0
0	0	0	0	0	0	0
0	0	0	0	0	0	0
0	0	0	0	0	0	0
0	0	0	0	0	0	0
0	0	0	0	0	0	0
0	0	0	0	0	0	0
0	0	0	0	0	0	0
0	0	0	0	0	0	0
0	0	0	0	0	0	0
0	0	0	0	0	0	0
0	0	0	0	0	0	0
0	0	0	0	0	0	0
0	0	0	0	0	0	0
0	0	0	0	0	0	0
0	0	0	0	0	0	0
0	0	0	0	0	0	0
0	0	0	0	0	0	0
0	0	0	0	0	0	0
0	0	0	0	0	0	0
0	0	0	0	0	0	0
0	0	0	0	0	0	0
0	0	0	0	0	0	0
0	0	0	0	0	0	0
0	0	0	0	0	0	0
0	0	0	0	0	0	0
0	0	0	0	0	0	0
0	0	0	0	0	0	0
0	0	0	0	0	0	0
0	0	0	0	0	0	0
0	0	0	0	0	0	0
0	0	0	0	0	0	0
0	0	0	0	0	0	0
0	0	0	0	0	0	0
0	0	0	0	0	0	0
0	0	0	0	0	0	0
0	0	0	0	0	0	0
0	0	0	0	0	0	0
0	0	0	0	0	0	0
0	0	0	0	0	0	0
0	0	0	0	0	0	0
0	0	0	0	0	0	0
0	0	0	0	0	0	0
0	0	0	0	0	0	0
0	0	0	0	0	0	0
0	0	0	0	0	0	0
0	0	0	0	0	0	0
0	0	0	0	0	0	0
0	0	0	0	0	0	0
